11208
43663
12110
44835
45077
28586
19120
95787
52494
85575
11255
59865
96490
13527
53158
23512
47360
74569
94120
52772
13204
37107
70712
74432
50085
46086
57527
87382
22470
45739
3140
76311
39039
67590
27743
63190
80732
26482
27418
75901
95902
28566
62625
21451
78334
84797
32080
12184
39548
15936
77402
53331
42578
87035
6200
32335
34486
17172
33278
84085
35438
45475
81097
46190
38995
55437
77117
26962
78723
40668
53091
71622
4490
46390
76277
15894
400
37300
66891
33910
8051
33406
73060
86514
9472
91219
20013
42280
81648
91729
45647
51573
55040
77635
51438
55564
12291
30902
68039
80133
85311
79959
21782
74435
18263
41185
24499
57142
56368
5965
30167
50933
40048
58124
67923
47884
13898
40569
579
9875
9879
3505
48300
40696
35588
10011
33891
71398
71735
80416
2838
60290
62816
206
61751
64011
44036
29098
11559
18091
66687
15290
74312
99245
82855
54766
83649
89206
56333
96658
84804
34708
97530
19607
35530
44575
51651
61014
59915
49958
29655
82382
40298
79724
88900
85084
61042
18543
29818
69598
29404
86788
44379
64593
19738
92505
37298
35357
69962
73991
373
20284
97006
27339
45763
57434
84289
98212
4614
16286
49766
9013
33883
80100
99518
99620
72423
58951
68542
31633
54699
33913
89448
56424
5643
8107
62577
20455
20647
47416
27817
37651
70101
47334
65674
90958
43061
77624
63562
43755
54053
99987
83147
97915
65638
84420
81449
83735
98031
79590
62637
96160
82907
39161
2785
58813
23293
80942
55259
4064
75666
93109
38761
66970
54582
95733
49314
80561
19705
90947
83929
64712
82632
81400
16395
69143
91118
68850
22931
60852
80627
12554
49086
75021
50895
28075
22520
53192
9054
31183
10799
86443
8597
55804
37760
94512
34329
57565
86620
9526
55425
13832
52589
24005
57914
50447
43705
38521
54512
79512
99108
27054
24492
79176
7076
62727
23330
32444
89224
28078
88766
357
25336
51404
48353
18499
53984
73992
47555
41294
21004
50027
2759
87888
35597
46469
89149
78688
43712
68201
97719
92791
61653
25555
92713
11151
50786
3099
65769
47707
3375
56597
36141
90121
83602
21709
57160
25587
18101
39089
78188
78528
79239
40431
70835
34200
24666
91551
82630
57612
21832
27156
18424
64686
71933
34965
68212
52439
9922
5650
54149
21124
7100
2689
77631
81534
1367
25061
12287
91128
39465
40949
63006
6827
93474
89334
24862
51006
72325
20278
63906
14117
61417
62631
42077
28262
4511
3263
68080
32622
8016
70966
47197
18514
62242
79652
22131
27126
80186
81067
73454
2602
75762
46788
9509
79754
98241
40117
26744
83512
12419
31463
95970
16677
86249
93734
14302
5880
10849
90014
68122
87609
80713
16513
73911
78886
90730
12115
87266
43785
94623
63085
27198
62395
15891
63836
92559
36750
31573
74423
41387
71524
85244
45081
18313
66329
93023
90797
93617
57844
3686
10018
15000
86386
97973
50647
53729
11083
57183
77807
36719
23405
42036
40918
11087
82730
24271
76967
28956
94469
96019
16046
78246
63437
84923
28602
15173
40565
81352
90075
50433
28547
44292
22381
6498
77488
88526
43973
54857
34499
94271
31476
93232
98874
31269
19884
91470
63529
58730
72956
19317
11215
49668
82591
38906
80627
40470
82895
63307
91707
58203
60757
47037
29228
60378
32443
76682
92069
40231
96704
20818
11603
32859
33839
88884
37271
52699
58055
87111
72198
85262
56990
71316
48944
68416
73890
55991
91951
697
13674
34815
75236
43988
15771
71616
14776
24064
85421
50865
85007
12805
43320
27458
42504
94273
50770
42472
65438
56809
12811
53012
40100
85024
18825
11643
72834
4822
54776
51740
77740
68844
46912
56906
97885
31901
3872
90644
4751
57223
7587
37799
27456
44625
92334
20498
11480
86244
63569
23939
65336
14232
22377
64292
88127
9701
91547
28499
32816
48621
55361
77146
34956
45137
59152
7840
85137
99843
83756
85108
86718
57083
41729
15343
87127
54336
83552
7739
83796
61386
64796
45941
20814
7256
44491
4531
58579
38259
91024
1188
70710
37276
90034
86798
55530
77166
23321
559
54452
71659
31335
34423
9087
14292
60597
16751
34830
28643
88633
93577
51647
28811
14010
98402
57459
49118
19021
63940
10637
9550
73787
86175
61076
5084
52068
15717
32842
59644
89903
4936
98659
993
86223
13782
7444
16730
5191
1656
75314
68056
57125
19864
18484
1625
26256
46848
41236
20922
98181
43218
11878
96507
39463
80143
85062
2163
169
45684
41709
12258
19329
23924
86262
53766
33908
83196
20838
15185
33584
57476
40891
43038
25122
3040
18228
18739
68720
33148
26159
20561
58190
40138
84754
70139
42545
74911
25687
57889
6244
2282
75955
41255
17878
57771
29468
40024
1345
43330
87969
16087
37823
46536
47281
73413
64033
43566
24974
59161
41564
51567
40214
15165
46349
74963
19480
96082
15667
15689
69205
4615
37675
83399
38920
91856
91586
55764
74747
94082
69180
55991
16269
55688
85573
13142
6893
79575
42552
99082
29021
8225
31340
84699
48407
53620
26640
53018
98280
29975
96180
55460
35186
35629
83049
68870
92368
30157
97663
99219
78227
76795
32099
45933
75691
91541
61244
50208
57136
16990
6899
26605
61746
52217
74551
81490
58650
75550
13738
63369
53005
77033
7361
30208
1687
99017
38927
4425
15489
91984
91997
43186
80850
12211
41947
70830
72217
40109
16080
24775
93501
77592
63116
76555
96328
94957
18772
67732
22018
19413
99199
20516
69934
48916
44526
32410
20211
56130
39618
96900
64649
20792
5754
68644
25438
1980
41212
15508
74469
18340
91364
55520
27568
14568
22681
93902
58200
96617
60514
73545
72829
75854
21830
87894
96989
55175
3373
26332
13081
53770
87386
42871
32029
76096
33213
98570
74616
60383
35537
74691
8459
51863
89266
93609
77817
92752
66774
90274
69920
37612
42023
27320
7018
17484
23358
72193
37228
22951
58711
99770
62593
47104
54974
74239
82107
53828
85072
3330
78939
68346
79209
75170
74115
51975
86918
79361
69699
65658
36191
78507
59486
52085
69189
43660
77120
86240
648
88565
56924
41722
8116
13021
27465
3854
40043
74748
31923
36903
34542
86499
3230
28195
57559
80998
48277
17886
45505
9827
94206
42453
38179
54191
1324
45258
13779
17345
8517
83145
49295
80137
2762
45469
29041
96144
69966
73169
35652
60811
27480
1326
76102
51610
62121
47830
96625
90974
28853
87796
94640
3557
74811
2851
32187