357085
154694
395093
457077
574082
801365
615512
161386
636677
531914
800947
932179
887846
305965
415582
775819
407770
953273
389788
514766
624123
778432
592732
344077
839268
380774
930482
459566
736397
526358
20749
627061
435784
165152
746973
159761
336353
240948
74595
232191
571184
725204
869802
389579
62965
623110
365103
158914
972724
305109
954959
353284
795345
899033
449099
560768
796425
68900
19813
636315
638260
774934
317385
839765
587954
149862
877370
562908
21684
357519
790299
354427
849345
394290
463092
550253
602841
391503
88453
252953
109925
676689
903606
727121
591321
138910
18345
234888
566463
919676
520688
583231
734698
274772
888338
960773
936239
731645
672152
449454
955754
689867
43138
66635
536979
514324
608684
362688
408659
315770
472354
477729
69764
169630
668035
918265
808778
509429
271070
795795
538558
367643
501949
797142
21090
327719
696376
165702
495112
212949
220207
594608
822363
942528
981181
571214
941940
354067
99820
375042
483098
61489
149844
297650
343126
218494
536997
290899
384037
244070
935563
171158
759879
560588
15985
883972
832124
716729
226088
870029
805091
689889
238363
343102
384866
730512
96992
858245
179209
441898
798649
728112
478346
303524
230287
836907
204501
386822
666357
254858
427839
779058
931906
463414
280932
377719
794124
711216
783439
566361
810749
524744
929811
197261
132331
367303
121859
362260
627442
673841
387456
677648
733587
729634
371850
848402
464707
532924
685299
956012
334622
60382
182528
707301
763401
415295
804166
235438
917644
576819
963270
67826
204512
657392
473403
779558
916678
203504
522510
837438
551366
100176
943081
756219
560059
352206
167763
679601
465244
31588
581827
779666
271014
85451
719570
931894
857067
597855
309358
820047
50021
852600
344323
92409
984073
349014
184806
474034
945728
198229
473470
600594
611111
443256
117900
690101
584181
337784
519962
441714
555719
282083
703794
292624
801432
779326
296447
461252
98381
840772
983197
699566
758721
165816
604695
319705
116516
617583
350495
306776
111982
205571
452766
297372
913783
519678
402670
184843
831345
291115
887084
388657
334981
795025
357319
182603
353489
797924
469315
598957
281543
648906
982349
559254
854377
198593
757558
1793
242658
687265
773345
952192
852049
48298
132369
555306
338924
578352
754627
280936
149965
219411
215628
368216
908429
371997
510665
458301
962954
835056
290477
894893
959850
607926
947952
731635
968018
661766
436807
557829
95732
494411
560444
188533
615232
387859
182216
552890
618480
971782
389076
70866
633376
10281
621172
982621
970229
726896
760477
160686
277554
248260
952298
751504
299612
755548
257914
663519
395446
399006
608747
664852
455293
309471
526539
998844
30923
791788
142263
172810
900644
495272
153280
623161
227851
42317
229590
82172
372763
606022
418972
238375
177567
363822
691572
771682
701389
8356
829558
676567
899257
856063
567241
625036
993970
7431
719269
658230
750898
425220
878582
209787
933394
746095
920201
713466
439630
92312
814546
639250
304282
316392
247365
84362
254640
795588
601594
678371
315637
142638
27869
311937
132734
463508
802881
835851
101910
593577
359015
832616
934628
975165
45327
32325
85756
961476
857272
868290
477039
799036
812450
615356
694147
14876
940574
638387
55898
67712
578280
938263
860439
530200
948699
861896
223452
816121
705371
520450
969020
755121
546114
430066
341219
739202
167119
530270
143782
285018
820733
969408
95852
52871
554780
423210
136904
104509
518268
356479
977507
829271
189800
948141
111554
341924
935728
38677
237809
350469
658083
341202
91779
709187
443412
308073
495301
116221
122997
741069
842842
220940
995685
296825
486233
821167
734200
824074
288111
366692
334005
495791
385170
281997
379375
637900
640757
90370
395987
126941
779011
767478
590790
231627
232555
184686
849655
778497
50655
308055
438808
720969
929795
430298
242083
484810
960720
496078
552740
574100
887319
837670
786891
981711
148906
368090
209291
891898
659647
623929
526184
386057
964205
320364
665450
936486
9372
198705
693553
858993
128968
203048
280918
280479
587228
209189
2875
810383
977324
73751
100231
278550
706256
980055
200925
361476
839804
119765
705300
916555
529065
38876
790610
642716
283235
864063
160294
991663
961884
454785
731361
804045
231505
901966
285506
192842
691837
576364
11891
962313
286460
625406
289601
523610
500361
394198
539281
374269
218857
266843
188504
117913
551045
696170
632186
162739
500202
979035
672666
109599
511278
145984
344243
46916
688099
478671
985699
702731
589496
912914
639732
370553
324357
412527
521117
377558
233142
70062
486646
652890
50978
84566
454633
527932
198071
565465
669606
455007
787370
793837
686058
257183
693940
434464
92910
576396
638925
274074
363963
455654
689088
595981
389846
874325
110319
957786
848470
816658
147689
679282
180977
981405
212544
640645
859433
646483
390528
857362
628515
167780
139427
204137
310213
77728
848099
484112
979420
985659
411256
395657
236508
61075
991181
668949
840468
959992
892382
155503
836682
486201
810078
439243
759167
35923
41896
731065
189331
193940
716458
688775
82313
46557
673193
261134
190399
418660
868858
42202
104154
579457
89184
276329
719330
114778
945239
369808
379084
354855
14779
31429
70056
28571
797895
48411
442922
661158
744827
672734
214616
660738
210740
714696
15863
536250
489451
768960
481983
967244
188569
78086
780189
822223
943980
528546
496607
732115
331881
578651
196939
911268
93524
854250
758214
10189
604557
938698
427012
427111
399785
695197
156352
597861
178821
152494
146564
218390
479660
90308
976137
870270
678058
290586
633566
825017
333917
360786
738956
576458
52560
704404
409712
801513
886499
336047
571885
647178
172170
565011
819891
548383
970306
272791
587062
661092
669559
794112
644825
933129
270532
640479
672666
197284
859086
96957
142191
444230
774777
292588
42414
288072
293023
182930
648859
378437
578940
203690
643229
403026
678033
453531
45762
874837
664207
598680
994112
204285
385778
520823
389128
781615
612073
162994
753829
525684
20801
259340
34063
435165
847595
794984
141292
198073
939427
545566
33133
698977
187281
480632
142089
304155
573124
965398
737332
237236
378180
586105
112709
815736
844353
36938
674608
87689
359173
852222
575980
986349
515152
260719
123576
515270
280152
741606
703383
210062
889574
582641
167012
263949
412582
881940
741163
52522
320952
911297
881296
295307
992424
481671
171198
694424
972393
220653
148623
175529
859291
991893
871253
369187
352563
662941
399276
77226
958400
262997
900418
770300
407124
46680
858652
500655
219840
469323
696485
181146
786972
922024
374432
917081
42241
919453
367065
369387
236714
635402
840973
885668
913104
656088
3083
234784
959195
972281
860754
465439
482157
228956
433659
43072
852048
862344
684113
194365
242577
717072
118700
405465
43239
728958
528761
407019
260163
630116
221178
62588
571612
199648
211027
502374
273908
395798
533438
206296
923708
994861
376815
213512
569321
424965
182284
744707
992654
959174
542786
401002
955954
880259
940669
14688
117139
195121
158240
991089
917027
719686
185829
376828
907983
735809
936761
595850
849451
466999
956162
659839
939087
268858
94359
766332
139266
805628
832769
592366
886907
677887
253573
650288
74798
213018
629569
408101
257144
323146
849540
841853
491845
830150
411323
727959
739736
727199
876241
537059
896394
711111
573785
552742
573693
952928
527146
242205
70472
301219
104351
730775
852078
3630
537298
234628
803021
499116
809979
655540
219448
925251
539383
215140
992243
868073
597294
238075
268498
162210
481016
7806
617329
421963
611642
871320
936802
305997
290865
437213
145071
106352
98325
257951
769395
686588
928933
608897
17600
633618
995013
161989
791764
788549
128877
971639
45630
773255
887405
959579
38074
817627
554386
496006
651085
3359
472871
416525
739853
53662
428982
192249
245931
346859
885704
773753
243157
67046
163762
113577
643983
50101
967565
719339
935359
406876
465778
739958
367504
917596
679482
736290
809805
428322
16153
84354
20395
262063
183330
421661
823928
563938
462299
998709
708552
578031
175665
585063
848750
904216
433320
938523
546774
545980
764294
880600
923380
986788
887679
747839
66389
370384
129574
215597
484577
188132
423474
699860
32330
550627
568035
475421
383443
155792
727011
347154
377975
635841
781410
958082
920539
381318
66270
386453
779251
765597
177540
9560
159508
151651
882510
499328
23214
780684
777180
375557
580793
803969
489178
157850
161117
470563
822250
887509
326428
664314
341569
446936
757304
687950
297209
400777
662995
243504
314856
913484
929586
44191
619719
955498
59044
402641
915665
679615
68567
736704
416958
266545
175958
210853
128424
132785
31996
110766
458274
164719
659628
676217
116907
614763
2910
744458
539542
819999
970435
833282
162618
804057
632506
565806
190758
306476
76741
10523
381866
631698
829251
719573
342903
656104
885198
777093
433479
895300
434858
115026
409628
699274
767026
693855
104151
865851
835007
832248
805939
794937
152309
616548
660655
905635
913177
63046
382403
629715
425860
47591
271931
927172
869507
620244
155419
569546
345560
821587
424112
139371
80850
657514
822077
931145
702925
699096
849337
346611
303250
488071
66007
289706
900560
264968
168488
69401
694779
417457
308191
154160
772909
691534
219036
614020
209631
742214
188032
347239
784894
842308
68345
565292
857618
960892
172326
601704
320349
556053
37541
797941
270518
902074
208612
982026
422625
179561
219478
320855
511485
634719
900006
922965
643998
171722
727481
287678
450368
248192
847465
455674
449582
295751
53081
416836
745068
551119
299502
383169
932606
180168
857444
475014
669948
903275
430282
610920
174554
425358
900783
195316
307238
407422
745263
72256
893824
714080
347745
63822
427262
969642
336506
252058
114041
474711
359634
467045
898511
544165
443940
3619
47071
599529
791006
143518
435652
978606
392597
548982
115958
124287
690001
999672
704306
895790
345273
691161
536177
473270
186736
130744
226653
571503
484620
224473
43331
981523
299711
491303
711361
716031
817487
351265
60524
854109
884037
567170
121057
782684
415789
941176
499719
616699
568378
16546
619643
995075
876007
55725
776284
88268
313344
467729
928215
525400
234752
624919
234791
693379
705249
989821
473183
691804
606293
199155
929213
868729
746098
535989
341765
109469
428080
311474
76152
327633
720533
572096
535515
373489
951116
666012
347734
810915
128304
156417
121690
395
616055
327629
140223
311366
560805
572643
274748
412726
817517
4183
55913
340683
886752
661197
947732
23626
869021
739346
297143
403736
899710
824479
224005
903615
556557
939976
753128
581567
414677
43678
297200
482141
982302
812180
32681
288098
733320
638564
730061
518729
36236
157123
596510
882112
380930
278522
70474
381068
87033
403783
842590
718808
624330
991332
172788
830520
777730
307536
986520
269307
531550
265109
460422
902032
96633
684801
653410
201150
585376
620676
955322
464523
907945
807623
699050
536903
93297
702489
977444
504945
773867
853124
20197
86603
284088
636785
209803
586190
46
126525
608794
141966
310771
24082
95613
396112
811986
652207
721851
392823
621829
344660
427183
459643
393306
716577
517264
224283
809501
633155
306213
984041
572796
353928
344189
41136
217989
267920
631234
212206
146404
233821
550965
311375
357161
397592
940413
107391
402391
470650
190284
99046
410068
884705
33451
49653
306352
605850
73474
924687
190621
791296
157506
482365
23413
703747
614686
905865
754128
608775
735633
500922
161209
571510
177028
404814
239872
988642
655839
851896
423759
926888
810759
595489
237841
422824
841408
664982
570044
141953
694747
445706
853730
496316
491266
966709
158823
914555
13517
642783
708833
412307
131198
74256
154945
853276
48146
526226
786022
528742
336005
990960
350885
728685
288584
953182
514894
198082
871837
964815
697867
779941
36332
222415
964659
642011
833300
723150
507181
647296
687273
974051
391761
199536
80622
737503
792206
650167
653268
167689
989953
442675
159398
375693
793946
279662
8837
973872
395075
68951
473171
260948
440235
436189
493954
825620
846662
519812
222944
655841
909245
240468
691881
306908
71647
677018
868609
88394
366060
162797
879158
270828
562230
680601
45664
305622
687539
478514
909647
597596
693021
426571
752809
865053
748032
343290
923861
934680
353292
387747
229786
221463
203160
607870
375634
203421
471140
298077
744592
489937
688669
517047
331860
584043
505537
522778
260523
983426
981674
705897
481867
405249
355366
443199
122471
237287
931269
484419
225982
287418
941469
92735
312866
551956
804323
771281
269973
827640
648105
699471
385430
775564
386142
955407
840943
299121
234098
447271
911078
390265
804505
372146
763669
563710
632131
335642
864461
923599
218095
676028
785304
437120
861122
560316
949422
668235
399708
764132
259968
908578
204391
746965
140706
595718
365425
754705
503619
147175
611022
548132
692145
849548
371563
210041
523889
691926
97642
759682
260455
812356
163411
885784
718436
188329
527350
10911
476087
539605
325926
263951
410026
280729
182968
135989
58508
914648
387610
734999
294460
51144
683332
170324
740312
940543
873798
474087
811557
803441
279866
562720
37587
846227
583706
309023
441002
881862
500789
941918
380213
74091
264543
469569
971953
813867
967173
420746
286180
561494
579767
172420
829351
564861
865693
513515
287665
539984
759477
194480
556840
47730
152232
555818
775653
839517
910188
408932
565018
435327
222479
180144
880859
980135
305299
437418
569222
751325
121912
646368
444931
109826
576390
578926
873538
565312
831288
975138
77995
921186
337132
902682
373919
177712
903853
422651
371321
236108
866435
603242
679502
779356
828580
180962
248159
552886
341916
384475
182633
353430
854530
357357
584640
287440
202293
256140
636079
301109
254967
359064
166585
385117
36876
835826
981983
304834
696542
474181
612965
400322
758101
172050
96314
449579
586937
994374
201828
791199
646448
213380
922314
550407
924780
71760
646682
2113
691076
542641
75916
867944
999628
997208
684935
99273
568189
547850
667892
396323
563209
815685
522251
943459
326089
979029
307439
568989
11490
205454
83499
694625
164799
700335
107490
532867
364969
817944
422588
46028
239333
950281
596836
900612
992600
907881
606397
610527
691622
615313
789750
609345
771905
374046
581756
679458
271849
881191
512633
456889
919416
501758
466453
632475
138019
497000
118106
304454
644084
67909
542192
280773
956011
874915
311181
277310
518011
195180
126738
428211
328358
177043
18052
292696
756160
751049
981980
895167
280907
981016
952914
806826
763567
85108
861616
670037
835859
85125
630865
945316
981408
118013
496755
680892
865642
647669
541951
776066
988347
575347
588705
287688
654599
99859
844574
744681
856733
556721
523850
301132
946476
469060
378692
568823
313719
986574
281681
230180
426122
319293
883743
528759
561974
61792
699845
825087
792445
65731
867190
788256
26223
879530
482489
445873
413143
611240
433139
424066
138467
252514
413819
174765
679352
553356
825372
319534
476857
255886
93492
215310
302283
623989
632276
785753
76953
585793
178963
180331
538157
471045
924503
713535
714565
253750
463500
335776
935909
773736
423695
705712
521696
210358
527199
514842
296774
468272
323560
612498
959798
168217
863102
914546
924320
691340
464118
485882
424350
301147
241966
84804
185558
939570
955028
413033
365846
938126
182682
518930
429781
662351
331046
185352
787829
848180
266027
283692
979092
43461
49123
837838
782104
470128
904221
975291
121622
786199
711487
941649
61309
637735
598364
599049
947547
502920
399283
765984
388314
304374
546481
653159
118067
304329
145547
25245
872490
38936
10705
202195
768577
157547
407673
478835
391042
701154
872942
880070
416662
534521
208936
934229
60907
581296
387088
92895
857461
424742
551077
203762
221181
681648
551436
273962
488399
86738
262253
699345
430690
717340
642603
121603
321296
74226
208378
749743
183925
343124
57568
55535
237106
983609
226949
735812
702605
945250
984745
644301
606684
617900
225367
963697
939522
90987
545342
268035
379255
701159
388362
864913
793216
368655
833687
573023
693880
923330
910194
313368
242560
368042
927649
446268
228657
408751
18650
49227
212436
130191
797440
995491
231385
322365
119430
346168
492486
112743
323974
778896
115497
996445
6089
862083
209691
865871
58138
914369
328432
522570
219630
587619
493205
542461
109973
320703
629057
937876
538233
174041
607068
808880
542728
305369
621477
201822
544368
647081
18688
77821
247874
937772
898163
765949
828547
828507
209860
707611
141526
65376
336292
330357
887863
991914
43139
678286
366838
116782
362396
844573
962034
140426
520201
532367
363512
348296
485907
983607
311097
497624
752318
759334
150093
327975
682081
972040
152694
608169
957551
984249
214558
862203
12684
668545
947014
579684
912380
25832
843763
939853
737451
910346
811646
575553
635196
66391
918687
215135
169148
420449
711463
587448
802086
608189
324356
414986
624792
767718
478617
650353
124100
446577
486640
175917
169338
452299
872926
409959
442720
279804
812978
418185
996316
899709
197100
138476
909198
422393
987262
57669
191193
153209
411190
573561
388981
93741
376127
372009
517073
845619
26715
852462
962834
84431
34693
150794
968987
850807
258567
622345
175204
836908
526974
479838
673799
65022
93341
945253
789726
188130
142608
86284
104490
995843
244027
614949
470181
258222
230789
170049
197705
209060
755715
872121
302658
107940
166711
941560
967581
843964
214241
701699
2004
985625
166234
301354
636263
71209
235034
299652
320629
727014
242000
128692
84582
668912
201975
949766
654327
124283
228268
409753
230229
913252
991319
658768
232051
200724
648277
976948
570433
733114
703297
554618
781267
747053
531759
539777
434694
713226
988886
959059
388169
922309
693851
970939
294164
685156
732272
177823
552848
705006
695575
757883
373058
693662
487319
967797
171954
217849
307799
158777
153619
708649
635486
3201
327289
451153
426267
329101
115211
340974
263358
74256
889722
639447
849657
133652
286144
245237
137891
462858
132018
712140
756252
886498
863640
849406
311736
677925
250577
820107
53374
548709
502036
634502
756265
251160
273372
354304
122955
824099
588324
664161
368779
770874
67124
143050
323633
545562
277875
828581
780554
817044
607846
257390
188430
176251
623237
181152
154105
73018
742539
411099
860391
136772
760413
685359
165429
617017
67356
544693
274211
745011
283698
807174
607914
824205
404088
654229
466695
761472
717299
12393
816000
811334
776140
165287
574073
238712
607169
352153
461923
187099
197528
215854
375187
623674
141613
663597
206620
332782
146622
203102
681122
945616
269297
829500
634365
773673
261984
24104
368661
330326
621022
617007
212605
579178
753239
347045
189145
850969
404682
834770
654732
34477
898260
816506
33612
886951
483048
941377
242553
304152
559076
651220
596511
339714
134776
535301
664746
962126
869658
505438
66808
363839
726561
573177
830433
701440
624411
661517
872954
836379
325042
543254
579860
587686
426795
521378
608289
422777
536414
189386
910315
226461
924716
632196
819378
769698
834788
943383
761563
177976
768787
198087
728866
560139
918839
600328
332698
978205
421662
275870
704888
297289
501559
116117
546208
308261
922791
195862
880414
822293
487465
428787
883745
933476
344222
328328
418992
493141
933616
832263
666233
385204
640113
523234
169494
278054
974112
318529
960220
713394
42700
452159
249280
224014
875249
610683
410863
116470
38623
624366
958532
811756
406720
404571
5165
822506
802737
827330
439160
572454
727034
836652
308303
277194
644295
105430
729214
762964
795772
13993
365994
272508
277814
83449
716247
548468
855584
283306
56203
256965
600016
631058
450154
882601
879851
919966
166347
445166
732538
998836
952032
92948
44168
290791
549602
980686
334631
872619
718844
859519
198906
528951
847829
641926
427016
21370
278117
730699
277048
922808
423865
666679
823702
955453
895452
182472
711445
944430
72616
968907
870948
963538
369809
528563
766550
343360
594875
780346
85633
911772
572960
943792
733612
429798
318350
693115
309344
662134
267467
982920
553645
169035
785278
623420
493924
388914
834300
778330
634609
540440
579662
25675
51396
621116
321759
545858
973221
863850
28804
224805
162241
945562
61291
418125
336598
339411
419410
364068
175350
874130
562893
702538
107673
532873
750439
53385
189326
155493
665421
139337
280040
136863
711333
100475
594067
625804
419561
601231
679070
177008
781953
509137
483162
851883
314064
970238
710418
252757
699602
976997
685849
68420
553086
692760
96889
564300
574132
48423
657781
797119
173218
123422
696656
761273
728228
890078
798317
886373
813013
741561
104324
253017
611636
864171
656937
925994
878451
170219
860935
188210
882529
854886
173265
348287
214465
719173
633872
643474
496099
596852
891978
373240
348503
752457
911238
444452
735803
512946
301011
744391
200313
353589
713523
273937
29907
811387
462609
866814
771666
443404
283065
197554
207109
818512
457323
778648
561599
493261
638688
904076
910984
476544
978104
150014
944507
513672
276491
62456
654861
530850
861028
143145
440020
537732
660636
664815
734957
502612
651212
451280
577704
600787
870641
264407
29668
244429
159499
123477
565274
382505
287517
522359
185009
297381
755774
672825
453362
167058
34227
703193
508954
289042
19373
313514
774904
321321
682847
110088
607844
274603
48135
533769
435423
896971
587090
42896
414265
479515
635986
578547
512336
748916
456571
733513
974186
102645
469320
939472
41
72878
46479
395939
991147
867867
777189
206826
297671
132432
306295
979424
277192
518728
817199
730100
984207
112578
862125
573542
936648
340462
917109
176652
841443
138383
474003
685477
965832
602576
665954
829357
997666
659917
103188
755733
393556
936231
734631
386278
446259
213030
60399
807450
331255
904466
320739
564607
930337
849401
727151
483873
883723
456703
660632
484426
880799
201395
986721
819019
876814
746299
897538
988099
26451
220442
699703
213689
721034
262422
896553
991821
826811
81076
553710
537866
211606
193241
371121
596833
70939
775020
501674
873284
835543
872686
413099
801328
617410
84204
604438
289855
799343
702803
775845
285476
575612
751889
753363
372017
998310
671511
748725
567342
288154
412160
719660
401443
282100
160219
580277
935113
889931
442767
30759
808604
241737
444873
41174
974676
463544
605213
405263
926832
101063
512079
140500
393061
753657
768703
638635
941552
966929
444553
756137
262366
13647
663599
859838
472775
358544
754155
948686
131531
429605
864505
819577
992994
883974
896014
514775
525051
930239
100543
344910
549901
112845
492303
68331
545761
433984
984423
985528
936220
391495
449443
766257
740953
81134
388567
715576
534697
640690
630348
780468
127691
652743
507350
782949
271821
3140
778806
42414
153845
438276
407364
530322
352818
529510
630601
336508
259335
257154
762309
131960
900450
794531
416802
914346
706467
694066
290563
529812
757921
234017
817409
617062
829867
767630
535667
871050
302378
780337
968282
798085
431990
786847
984135
905486
427606
90290
926184
287234
720130
926490
558717
325556
32002
769594
604109
645302
179169
479865
434310
212189
911894
832386
293851
424081
78759
91756
548124
971446
744245
145318
716864
933314
884334
494802
347477
77851
549786
872122
420841
947971
237193
841786
723691
638852
909438
981784
245661
863639
65292
68723
915164
946609
720985
312129
424300
391971
782149
848747
873295
465059
109611
270818
943022
274227
482425
48889
576331
778400
58336
509028
872752
76524
756518
765353
321636
744900
991105
504688
418145
492916
475420
936288
514517
337390
9984
871659
258855
109557
777237
337469
553513
883971
344781
318922
950449
176351
358429
4453
509151
606401
855934
429063
89836
407094
982285
371559
935191
751562
400265
591727
589009
142183
494178
148010
880537
401979
467878
652948
553282
163947
238748
984977
190933
431477
136331
229354
937766
699648
539808
103554
269806
221510
786420
246590
946435
632226
872462
742409
329170
170435
321267
725812
37271
408464
539712
115186
12496
179018
326418
945598
190325
660962
180066
677955
328225
48104
570019
286503
216056
708704
221108
418316
535136
92969
631153
755008
653610
875251
145416
637077
534536
733001
468121
705306
536181
327643
767409
566919
798256
187708
365478
952294
103985
220484
231993
589091
99358
829378
715317
357093
744025
407956
467256
530194
627395
760099
924692
944781
459319
892560
438496
442682
915545
530607
451187
373263
408848
962886
693597
482683
345528
497678
941539
63954
419051
970339
172315
336322
772277
225459
916043
998799
339479
411059
151002
735673
801331
105344
145539
34634
970667
160681
712464
107885
15235
564284
412672
770046
694748
344288
973852
921071
79808
407354
193397
370210
918966
825239
223074
555056
47800
2189
487835
580981
174774
33313
428368
559202
985912
81225
712338
128465
934295
576256
382089
579530
475089
605690
219321
235716
379894
263387
399400
108485
781324
464075
304321
166283
760681
610903
952591
243164
371578
399462
885985
348439
604515
408774
856011
231907
89359
620599
665749
60029
766423
201713
709272
869626
304628
863409
90946
946942
914146
398357
120375
660717
745150
354995
782458
516911
272433
40130
475829
315387
669298
834113
883437
391116
815314
364137
700746
864760
558380
389858
535528
315491
138599
271153
793542
477983
975261
441411
701196
126692
888849
164092
729421
413592
170267
123076
620781
515802
248837
440324
38612
276718
619259
702348
561828
962483
350708
225290
865810
48722
872381
849869
914306
771086
707456
253249
898435
783358
752301
989156
619573
264341
255806
202975
654941
496467
750787
255284
375352
240631
600129
166826
520713
425672
579842
765838
584745
365908
749935
169427
616054
284673
890401
837153
758974
498266
695852
293824
202582
233502
512292
914082
681413
629737
830254
496279
952703
45874
264820
567219
26871
379401
136177
511236
314990
802090
43390
902722
586389
985175
460557
45755
811468
235389
282596
470341
774526
903377
544644
268145
79699
551045
409320
773896
277020
955911
490792
470431
431661
175481
728121
535926
863232
543934
85455
881630
144059
6321
273924
107242
580325
216270
892652
965299
137766
555985
162352
337576
622364
342121
748567
154532
325492
825366
366001
548003
735430
757974
721571
122447
671504
291987
631692
325880
302295
138264
157637
606956
519760
156655
887570
861123
225141
525604
736429
227782
884165
817157
978898
407596
92915
575594
929509
571429
631256
172286
442219
271385
330413
867876
258096
173156
887893
761348
558346
795508
872654
729590
852742
590268
481660
55589
295840
912740
624388
540658
874051
128623
359137
913780
983893
629197
475983
333309
761319
418671
511511
986474
572885
272160
707582
783833
154740
181939
301790
773367
115732
339746
981883
207287
433568
393433
406458
806249
214295
754602
239425
640057
838671
275950
208528
831280
906166
596195
972052
99553
26294
628213
117108
221759
347438
172319
692865
137493
671975
92063
110285
335868
951277
96482
659837
146524
340596
124771
910383
146599
458751
725817
574798
68048
664306
110372
705431
727635
38549
522081
985564
66654
597550
134559
442483
841918
190539
764409
165338
593523
354859
802461
652772
29438
524885
499686
719268
342365
191973
458790
584376
800774
341271
524882
456865
822342
594553
975483
127341
324083
117478
731629
98317
738845
205468
356300
495144
819858
314932
928848
6135
791623
77821
406071
825281
356603
676833
615112
88770
497389
510617
692056
843864
471089
832812
661817
314700
956808
124764
151524
778472
250536
175797
640346
323698
161557
71575
372953
746310
365047
113554
720487
487304
989978
427618
457850
919286
197477
839010
314003
709590
97102
599315
445567
752807
146437
398099
178793
86847
203389
242265
292588
290593
899465
602063
216229
660177
712444
384214
235662
751162
639555
287869
802548
534990
52662
754059
646728
441879
483432
396205
992670
785655
569960
836848
14299
416955
153385
487162
632455
223640
939786
67237
878924
345756
269185
544946
221413
902483
576495
539660
525309
586338
748946
603952
371096
537235
136122
773521
486905
739551
453323
212030
619203
598605
648542
739367
103027
32578
900171
506721
351335
217068
15173
995536
847981
875502
327887
653459
436888
301044
151230
806449
947672
333510
731697
886713
764545
852439
978652
90777
809579
637596
532891
24490
47673
544898
829426
416885
101790
310307
270921
339885
793220
844786
674075
716115
325096
164281
295517
544398
680265
778807
478726
831687
794262
926789
702247
849813
376227
790163
275189
106295
208866
270375
486519
10801
581733
265165
187370
382981
952553
805330
693767
344756
712007
872515
473195
452322
139323
652449
63066
996424
349324
339736
105139
350477
570563
919853
298308
184481
840593
482366
366107
659432
108620
422746
419595
367004
455747
815812
844385
252372
985695
735136
457242
488153
959914
537471
359460
218819
674160
753410
173143
860983
179024
848006
791164
594186
754219
534416
913191
87839
652148
304889
27479
245790
86083
755874
257284
183913
455432
813104
10978
28362
188380
78736
676880
250745
456663
799536
917241
140005
751687
504432
923459
185447
371286
627717
587997
367146
918727
809564
927359
666306
343828
435589
476056
705970
645958
140287
622394
681278
723118
241929
115453
626934
391542
110502
931523
209831
171973
967196
268771
271910
379872
30958
903583
906146
192711
435342
207098
244361
786958
998778
834001
922688
687343
575360
247660
974488
681465
518733
229611
766282
966175
807090
830379
682457
782528
28478
331255
878651
588631
730432
165528
29155
30508
892569
999315
47149
878145
302108
930832
225124
657001
568815
571510
351301
947146
819933
399286
741231
823746
737069
464920
871459
815117
187405
526945
847075
697656
849425
230454
367011
385011
128215
84588
116047
948490
756872
658130
37801
753833
615420
672518
460185
787953
108552
857375
898684
484050
194099
776496
854109
262454
899202
437739
271091
17084
695618
290111
763583
978778
157169
218946
235310
378957
325340
807499
640020
747907
822898
206204
383071
261982
710217
534403
507969
892908
719466
109231
323296
743743
284411
360350
713306
531825
730702
319441
570870
233848
610930
788705
649996
912552
434161
395101
313967
352198
733504
20812
734839
763364
993953
757907
245347
173858
797709
376144
681694
836791
860845
454416
669240
830324
661057
921529
516286
409980
777425
709845
419198
981922
274980
485729
32316
179413
444656
487786
78467
327048
974612
98148
150551
674658
134864
16621
663150
138831
711383
898156
295692
17299
391518
36221
870591
51985
993551
861916
291211
736648
157730
586560
63404
815569
450954
772028
84360
539136
39469
262691
307838
130982
372679
660929
215550
221510
234726
372376
179106
283382
721467
509099
115297
710809
40366
497944
559596
143369
681625
332130
652044
578188
804559
784656
810348
863294
734825
177703
56083
664877
341639
813352
921424
947977
916911
530402
387771
491364
260691
421534
410078
828431
225277
866742
991551
802741
259655
61597
612070
606989
119707
644633
458334
925661
214433
363346
787988
223360
528537
766364
586467
428464
438347
705276
940526
887374
953403
245281
173094
666612
277448
847837
346543
522465
117590
149040
660170
877994
583711
318761
895986
478517
106169
394688
479072
980625
822311
269957
894597
510117
977943
132897
788365
680625
163723
145457
623151
89182
423212
772793
230778
97238
841567
37131
139607
387062
768192
23873
602964
780916
68281
867609
379688
224810
871691
882309
24038
745137
84723
378624
142773
423474
865270
709403
811499
727153
810336
380028
106463
522670
701750
819716
869428
421705
366263
628323
317118
675060
346836
350306
703159
117623
876524
697520
537142
399869
718337
680188
850512
893823
876164
173843
330841
478297
784356
784219
168814
542994
168425
734240
798356
833688
175218
408786
932961
261145
389653
740359
603626
452478
205673
324206
853216
202643
596966
389887
28126
263151
538822
260496
785550
635276
265303
439993
280340
906544
502941
977069
806354
170585
768158
617526
843591
219805
526350
285686
381180
567450
912860
367051
584214
817592
898616
127833
929897
695872
852750
233691
464209
724023
531192
763965
370397
797577
245783
813327
580137
601927
354126
109765
287637
793567
8745
142562
866381
890633
477639
495789
161728
301789
608163
208400
845873
322237
145960
941575
15660
813021
654287
840918
284119
386458
782223
496859
465149
558301
509744
579425
544580
88535
537967
963802
440115
509683
469092
797082
524386
126195
898398
167555
35036
807990
991561
12983
741198
745926
439815
248799
147339
50071
345711
757853
871205
446409
273710
709822
575780
153313
278713
424292
535801
441449
803393
410659
352112
232912
677210
155971
644774
985031
571923
177974
773922
393271
624955
885199
569806
620163
170831
800044
156245
932515
812130
786194
485802
671263
304988
410204
680409
70664
95580
556568
969996
780725
459127
731338
455035
848308
551273
966484
610317
660339
88825
545282
454405
213699
157531
816472
383981
156312
421894
251595
490144
866355
451962
980300
175606
744293
946918
606574
796058
791204
157034
23270
877991
408608
102960
880845
181531
882611
260223
338635
598192
153172
896764
147460
321425
327675
405593
113047
660491
490880
718116
755532
584088
496177
904971
924043
560359
193074
904576
701949
158150
489156
101480
802768
762370
649485
659589
379024
848951
411635
37714
920147
368628
149620
366529
386565
304604
925933
706069
105164
89814
130397
696658
806289
932943
252245
726761
863823
494852
162568
587303
678638
974370
507207
780185
916659
680900
773347
892168
211238
605506
544971
232375
770282
726133
602224
998770
411914
161094
401504
918417
936818
104062
628891
350502
626172
888423
387974
387831
259910
139314
246991
248992
743202
989843
778698
278935
880499
318300
336072
943121
996961
210364
829796
939792
595788
73221
190681
718287
415620
893351
580229
234107
713741
605885
481521
254648
249329
195810
183403
314002
318082
720319
876570
764724
657532
88
711221
361390
783344
539802
938636
213170
315537
720325
49336
218435
559048
62597
228746
944732
992121
997232
698750
739500
459712
413363
477996
539838
655649
583072
204888
152770
226109
492914
396306
26984
39636
388196
650277
772643
831367
178307
14097
553660
259441
20638
928442
111789
842039
713741
643869
843061
675167
315664
806546
500681
206243
360480
588220
248928
822123
359753
974015
736622
673009
969435
111570
819534
429266
865286
839667
855569
556478
406161
784011
139850
643168
340787
255427
542709
337738
893858
656769
204313
890865
677168
539184
4354
871538
187701
892103
543348
274906
426510
76107
516332
847951
369557
463112
189186
835296
392878
452902
973956
462259
59119
166410
395936
130663
520834
147408
725971
806103
757776
555488
606379
595380
70120
106829
486526
457955
474829
959882
206962
871550
690363
711934
389699
661764
472990
492911
637515
314436
609180
903541
395106
983164
212694
833679
697912
866280
478531
37305
791683
80668
301380
435650
77812
245040
381216
598744
628915
819671
684233
176544
519259
772161
782766
779909
41095
479263
18570
172591
775932
697469
763709
238678
73280
760431
23154
452921
98029
805484
844600
23983
473708
234753
452285
77737
135420
806539
741236
631055
797158
638305
557178
793599
64677
394860
968884
816875
751426
185947
432530
538143
716541
931216
78166
858104
908540
794252
911140
880822
515505
115806
571234
61848
899453
800163
59891
870473
605091
808481
810315
186797
175963
244
937514
257307
389175
256794
118281
954326
507752
511546
59227
350038
881288
97787
426752
722287
359170
826875
278978
393642
113410
70118
201042
818056
190977
745733
963718
571426
149595
474887
219347
353122
720374
473021
941981
651879
243538
719002
151444
936898
533384
116790
182044
481573
414300
533543
96441
476521
367690
38447
491918
995157
191524
46306
774297
571309
541005
916821
255887
395522
873368
856030
858856
291471
646803
372990
684016
17442
982087
161843
421410
274146
830194
846926
728194
954545
502393
333234
399203
257731
171677
391893
71605
307336
506156
400826
672007
5550
737476
820588
30871
266882
935976
379937
517792
291887
192508
283654
273250
147335
687532
327539
968708
475953
841910
469161
648083
496442
185779
317604
700944
401375
393867
918378
1883
149461
150215
639953
654749
165873
216110
201521
681635
567896
712046
536413
369586
826104
918636
657137
136349
554903
917194
200888
875133
737322
174081
565186
886013
588683
20772
863915
26280
392768
724865
763061
79930
191071
700916
468706
407478
399544
188161
664965
830622
64889
666266
969153
16386
732464
478590
849466
596328
296747
531175
331537
324102
838940
312743
143438
618312
501394
790269
126998
938977
969303
368866
44021
719555
834696
204792
381732
365478
78557
874605
243769
171675
142185
483069
478663
435682
167978
98459
262714
307344
261196
551200
678474
354918
141727
220698
577151
564883
235432
749261
927421
729131
449150
988712
204791
797141
800161
349581
519972
291216
735846
654331
343955
492258
764706
165622
668601
112571
937899
872432
498925
742840
352646
342643
812743
930452
750935
734993
200521
103414
802165
421130
99845
761576
812641
521169
721689
731184
415917
202362
744681
988911
889407
365683
676597
324394
751821
873478
463558
311168
249709
398030
877838
623623
95598
137044
586369
859474
431304
750391
81787
224724
668127
791322
929914
552540
784419
275075
161210
657056
640289
860778
464885
628588
574784
498101
582069
147432
970198
203730
622460
898207
833736
507634
470520
394279
391957
387703
420930
646929
383079
849976
315062
845580
728204
504083
788540
78261
524877
627560
282855
224594
947158
563378
424634
314764
266936
717172
111988
854112
81322
577259
731867
4064
433710
351846
4286
393820
177732
751909
794996
653552
915711
670425
861596
844768
214690
640364
491514
563629
33909
686960
591705
754434
810309
740844
11099
801748
8450
945179
877949
63267
636852
873864
469245
112211
821772
217473
424340
993477
111450
136536
674004
922953
389028
215759
151929
57863
603340
480213
50072
781329
748562
192209
530708
202073
543625
748395
340684
324353
419433
501172
300608
423064
920281
5870
375240
775209
597625
878961
740387
99426
109840
664884
694785
900748
902978
34791
463728
329065
864824
60222
939858
731989
100305
532312
174068
312370
663443
383393
367520
834906
962133
359662
742995
149482
977266
401090
266923
489084
383628
732774
2744
903590
876923
853920
573283
247771
550221
993690
629290
723441
434589
525925
496596
680432
993832
200250
735303
479550
175904
978494
670977
730386
671614
501589
905396
583631
409836
937872
525228
502614
793200
868537
943293
427094
612892
541407
538340
307503
856052
906781
281106
233568
757570
572297
636107
129634
11009
978929
437109
454102
163698
471629
9954
165361
572541
282651
458794
138824
71973
417302
374153
409663
519596
54283
344146
452322
50575
270094
990374
772599
996856
519632
719192
485729
302624
386674
722484
276769
276287
451589
286428
830116
406416
265487
331807
590307
329660
614297
467369
975252
3039
678386
45712
143750
181651
251828
763374
933393
172961
257243
413440
749496
55134
297309
312843
660827
214545
658814
871059
198862
514240
488137
741073
53688
139375
895630
999195
834949
648943
48635
490148
577733
482192
560834
683206
18915
437435
793206
485419
488375
665808
343725
528017
238870
82599
576675
952181
717178
424784
534628
192545
601173
956715
635225
398474
75842
619874
336397
501903
443439
215119
276836
439678
510162
660510
523110
201798
979618
41317
869134
174841
73857
540817
842061
419517
927345
282790
83845
273313
930267
948376
460742
768661
954688
997219
943432
314089
93780
696010
157074
243241
651969
969803
396136
932778
860922
276181
765459
283408
195991
265703
321817
900004
80960
163606
846827
982996
776494
184222
650970
819259
484417
527013
126451
305346
696776
282622
631919
494466
467212
205161
627053
273365
680482
511347
70388
170793
481167
742641
775680
895584
705885
739722
435499
767681
15333
542686
32077
573146
93431
872116
512766
939904
630032
698194
140335
372470
552385
993322
171208
866950
601081
932613
428660
631383
302533
366388
611642
58626
506153
697741
581759
424052
237542
996875
239262
883175
181561
164736
45968
913872
456301
850759
129921
817857
96600
100077
317430
957190
124056
764564
418157
537225
634323
792290
111
469401
85260
897919
680105
658179
802292
704065
112451
145092
81872
138821
747906
267629
63577
186595
811946
203774
815903
612450
134334
455082
578251
696600
79078
273156
673615
321535
585057
116966
7174
294044
936653
472651
524898
566178
250025
885118
702415
212003
467403
535997
894000
587751
851563
787926
170254
835072
139511
197444
682283
419220
595971
932193
822022
113361
625682
458386
837721
63339
523954
563713
450221
776471
641903
968725
859420
37931
411097
646464
486788
832075
204854
931585
189881
43619
193920
256410
469724
224199
386440
959480
851430
464632
174689
611077
12548
328929
537434
382892
223329
606051
131729
907622
189337
589991
271627
469381
131003
429252
3184
360089
447767
843726
650651
80785
696280
858093
57799
267095
112633
343447
272535
351623
621807
592678
90275
932708
392350
854554
144916
186093
415369
952077
241308
895744
868499
853561
815852
946453
877324
905112
283550
692924
490767
433359
691970
159505
422419
624215
35772
696157
436237
927985
990691
424922
433896
646324
516145
442499
363129
455269
315574
518527
407382
367068
842841
10948
11757
997436
225308
806614
494524
463829
225959
333064
734390
427179
502103
423675
945168
86701
6126
165302
172401
68215
431030
527462
972160
657343
629282
297552
248458
470582
66045
925948
262902
296869
865560
146144
617676
322174
72040
684888
13005
857741
493159
310834
783180
598529
690998
105852
599640
586261
627663
221213
262208
140024
756999
302878
630999
942645
276258
532008
521217
784155
675594
221194
151349
327708
541619
898618
395466
226657
772161
14203
601341
789120
270253
487798
876508
227641
548834
332404
148400
467163
754198
36740
583148
235977
21421
618496
934889
32549
785864
698952
180413
696856
828066
213463
570813
741465
885510
942261
76238
761525
524855
406195
885184
547310
621724
808612
338867
860577
708232
794686
982989
403888
184119
280971
732882
437244
907528
64558
467249
981141
947858
463411
7675
331440
874982
985191
452242
319478
747372
251560
975295
789147
157742
302811
41620
556008
926444
456389
647864
615556
762730
461977
902631
567693
911086
455692
409786
791455
195672
44302
138213
158050
149807
525524
492947
309231
729992
640642
804507
940507
220814
552354
559522
589832
626426
541115
878370
325684
838071
16088
36208
855337
39005
143295
590551
345298
327463
214842
268873
491539
419495
381925
175943
306955
590612
668429
876018
42167
826543
760697
928371
842182
694092
238085
732916
599438
972503
331128
4610
250306
573824
289178
224637
923183
245463
429224
914277
147555
64379
80456
973267
221522
856601
835680
26926
293454
387771
220265
647676
51541
467725
429925
612446
537453
467673
162770
452539
104514
95513
785396
90962
525530
63302
665593
843753
556727
123623
713677
386476
452515
83878
630592
384323
691520
766111
368915
497892
582172
915424
660309
600009
725029
759754
845157
205424
857917
767837
588306
711040
307674
704099
867727
150179
158906
646504
814957
810654
387275
347617
770361
61000
778532
488740
601122
329072
856929
792104
190084
620878
625092
718059
476381
767031
658276
958620
240959
137768
282434
965271
902595
894594
349176
777401
109010
615333
15585
99760
484095
719363
284396
548625
438288
262407
664911
33322
966907
280470
22097
674979
202243
136738
913150
779595
409304
870762
743963
243093
374304
454902
365562
989164
963604
792859
15003
911390
429220
12597
179165
854418
361837
485597
938159
274458
591616
28494
539643
191400
150329
496545
557591
166249
484125
566530
536479
780428
35264
581534
891496
141192
955852
464921
636893
612442
402804
251062
866483
765723
610706
978633
491226
314218
487799
483615
300053
708392
153481
913789
50488
862436
843251
355900
743652
894678
796563
107565
434724
699117
770800
296252
794808
967032
886476
811694
916444
923751
200517
336364
150439
712544
388562
123945
781442
182917
152352
806896
882688
741652
856888
18862
628781
694421
784647
673230
912281
260327
563641
224840
142713
621642
884687
997448
86982
475695
752929
505987
933697
11540
962029
686974
545982
251953
826546
87988
224002
710504
433131
342008
13812
407263
126844
572287
295977
74730
412868
709149
602945
635269
210049
72433
984081
344695
869953
893364
218640
566798
523451
697454
378919
496040
304385
970207
795394
468587
389793
561589
23766
349113
705643
903767
717337
659607
323546
585579
999671
930677
299453
242132
664999
667607
769989
628111
117522
836024
132004
818892
333439
3447
540788
166649
259421
462577
40004
350505
865854
985106
418296
473236
466527
68767
961811
819267
172583
979985
645750
80578
821381
329956
884016
252873
666501
50831
68134
715228
496409
501658
366033
82077
466417
992335
537147
179432
621516
401758
357339
851599
667452
245498
267035
478702
111076
510095
174093
22901
711452
987197
349175
896766
273401
97429
5073
390221
530502
978091
44566
947179
242084
662653
251924
950094
739982
223250
129568
279522
925358
800036
389795
122521
428630
742237
542586
399040
159046
768537
41108
918182
815863
882576
926335
980807
531168
410752
474297
365406
199558
142819
506855
774475
642217
54747
421213
464355
35162
616023
565189
507644
765141
74566
522921
674663
52270
696292
643594
105283
183095
637764
943569
10771
816172
35300
690258
105657
798115
892126
832779
337573
130828
345607
708599
555421
473048
302434
653573
875729
513009
654829
667280
475004
711376
730904
938166
575892
33392
854447
668387
764782
473682
475469
208119
934161
456759
544772
582245
465642
549723
191432
255492
280617
894612
34830
551796
207359
732592
605078
130690
631328
894151
990087
706117
485172
674967
886064
865491
939297
318657
931086
883804
31197
462836
172899
289367
481080
160663
91103
138959
434825
694845
711590
100876
54113
943174
481664
885374
720004
393038
841814
768029
358108
999884
325029
852901
13529
305847
897557
889838
640643
794053
536272
822083
114425
238203
427035
991822
987855
189212
279290
585977
677514
891698
521249
766241
110888
686293
319818
63801
390739
141239
650037
802424
625998
226989
325320
417204
611742
927034
484228
807004
475756
69532
870701
898031
899506
470299
161209
981756
659108
162164
389283
836457
181299
498990
229182
798605
554916
353473
266901
84713
188801
166424
488372
798139
637828
181783
69954
496784
921249
992699
520539
995673
631479
115912
64814
73429
327036
114560
884494
480196
918166
602276
353849
991534
629897
978207
321966
140453
787463
74374
843889
360892
973568
755795
937600
472621
193449
543654
331641
268293
448530
808355
542844
778063
174469
591135
640361
606160
268448
503748
700650
103969
276401
2679
275675
474973
222525
510843
371171
733335
321049
763652
803056
525528
426283
697685
239940
536106
701832
656777
898530
580743
33789
78437
133709
238069
945995
594721
116470
249562
431297
832110
174051
599569
614831
443467
875303
408411
840562
90867
615029
919233
709280
380982
183197
458730
752156
591721
226221
341522
993843
676775
195486
633105
880431
422966
682488
90148
340047
946052
706276
347696
883662
829156
376811
510855
215749
207969
147886
881642
732418
191966
764956
565284
485316
742766
258008
985247
184754
33897
309310
315688
793945
670637
523174
631516
246332
857589
128927
216712
757600
417630
168103
209335
439401
294767
914251
834224
911981
858797
983129
629337
35138
46007
382100
115209
128127
277781
392673
586177
277501
82805
631100
943254
249691
197374
374043
871343
530594
603584
355236
61167
385862
335437
317522
718069
569139
633430
222475
545145
127065
137234
101907
251164
746512
910880
456919
731475
923407
435370
495981
719895
980016
646884
501057
187922
563586
257730
721202
459981
831748
595836
402563
215136
534272
931769
301749
197904
231032
585745
949011
163449
480001
866592
441082
439379
47436
426442
369062
981681
305996
767875
19692
983128
808067
862022
490803
120884
494123
205255
936048
722370
308405
874896
243153
241767
130991
304793
520246
264665
454943
105693
508592
495346
508953
220905
879647
851132
208172
835700
710522
543588
345218
783089
314774
425170
548283
329534
742180
735370
539422
817694
892342
143415
893876
393835
400702
617991
709180
959826
161522
222125
678802
776785
608539
266727
614601
32514
683712
756839
475468
238119
176169
575528
562681
1841
164900
355730
611328
541061
148448
21879
304768
66815
376689
816339
382507
608798
830963
852660
846177
306396
201041
680361
883275
765058
943507
565729
77499
805325
134492
990646
954166
74013
196288
986710
97200
712925
287989
162085
916158
753713
939615
834144
533802
202223
536515
422832
847929
914763
117591
162669
978367
184059
153559
117757
793468
448279
812856
183408
295016
605970
95271
942947
140596
733803
555348
44370
468026
335076
320323
887223
673242
96624
406825
734605
479157
110192
61894
759999
352970
284581
134820
436101
107644
446662
135684
566722
85809
622495
193690
688293
273094
836493
427866
104541
793276
374647
638528
627305
807585
746099
679528
485250
302968
33292
561226
811226
670627
350243
592484
396002
622536
258087
791797
974684
690678
996754
194657
784109
867468
608579
877150
703992
10608
920409
397969
656749
52395
807003
859132
464023
133306
831212
575288
864543
987947
747541
504539
616805
549428
673227
347686
720505
688569
739730
880792
609666
635120
806
605433
551419
414712
830070
66269
916110
977692
915185
229434
317832
653228
670982
336457
409656
330388
304584
393938
980856
417199
384630
738855
28277
818949
838786
616190
271948
277546
529458
803266
204964
847959
470027
540373
906102
644110
987382
407931
459099
844951
82562
578050
798849
171523
258139
322702
600998
22783
583752
223509
58206
36029
247769
492268
614018
287307
803168
168419
656267
625620
665484
342155
453603
532776
591384
582445
942326
494643
675348
829409
447936
873615
701804
993608
631406
973775
932221
290997
183132
313385
864079
948649
844508
671873
461153
22172
113773
531922
817800
229445
408590
576029
380157
999718
178069
519075
424135
167391
3836
172361
572679
187587
578040
216007
160448
848418
241879
674211
994612
645507
109631
134349
155851
20712
861567
463958
316605
143079
167104
800386
70090
209417
826625
73858
208114
487689
768837
127657
882458
151767
679324
169177
434498
80452
528458
978475
298071
625617
452738
468646
403309
970759
111216
86864
67060
527988
807165
102432
604393
815628
831457
976969
115774
974898
666756
951557
326576
111577
664009
411711
580225
762910
511551
403123
727063
158352
758019
621026
251594
109353
50680
746036
917817
96420
947917
535730
56261
475238
797408
774686
829354
305333
626824
740730
931582
573902
23507
883061
105725
535613
215228
648209
585406
559350
258916
569069
137968
731082
128608
720253
577463
996367
578449
167305
937765
913968
170791
512916
189422
989763
2321
525683
432790
608597
327892
854009
401940
988194
112669
521014
166877
388107
603502
738120
565346
951843
369203
408503
907631
348522
555838
880728
378765
931434
703319
612585
975326
753749
854084
826231
941174
760062
961
537976
462246
824220
494380
141484
680530
863457
278453
658508
771719
970888
213244
95534
232028
30021
776284
756900
329650
987390
508209
535903
835418
922881
11159
972118
749488
272824
401388
649374
322932
341945
867735
726109
363420
363339
980142
44962
625002
678156
824146
713451
932089
353885
113125
551169
182091
960986
800680
18900
691889
572826
100293
248811
192919
271880
758966
387080
693044
147175
290632
38954
486638
396383
562763
168275
773703
512490
185665
864360
80867
860912
915084
28964
129632
52437
496690
560397
492967
739166
702661
200888
750856
937577
744535
602566
100061
117704
413139
180349
192533
793086
66056
754287
675394
436827
343104
806528
572076
980756
813249
507375
353821
83194
224852
204403
184256
154460
557710
260529
417351
573177
693943
112676
754294
248436
492677
735812
966457
377377
519433
534445
170590
582042
855930
636489
930011
357263
85166
787905
538733
311616
531543
56964
931409
162664
48521
103493
832801
419314
973375
3549
515595
121418
288502
447703
186612
946397
540912
238800
232065
403789
838835
124363
300531
755644
887131
247416
507490
192796
316705
309270
951493
122464
274390
499956
128756
297762
716688
789501
757147
48834
673336
642165
472994
957239
969356
181827
113427
30383
602291
483206
488036
618099
331666
749767
813842
404783
770329
470904
589358
824189
183419
55535
993593
81269
425294
55611
847083
962189
241352
788313
400270
748749
542114
367934
281683
199703
386528
707689
196071
586961
148102
513283
473247
811631
964328
760883
337507
787035
621387
295994
28129
718407
378840
734977
241043
48703
544027
454523
991757
974638
459622
482353
934823
730943
766980
739532
328382
528182
47899
15490
628655
896071
1682
677922
82358
691695
857934
737544
478163
435503
19885
843952
659505
844436
595522
161050
591452
350762
238458
329034
331459
224679
598041
386844
951277
47198
985150
805519
283295
729075
61816
926399
53073
799986
30932
859773
330152
375610
888369
136176
24182
921623
151234
600463
149818
836260
972210
210780
492079
572203
328285
93503
140686
824098
339394
190601
731925
710487
232533
506748
772072
654519
803702
79789
536604
162312
336164
936579
206926
949892
415400
682326
207304
755822
999657
969745
879334
634166
877447
206602
459596
25105
154930
645545
384412
510898
373265
648800
970238
427498
211057
796290
885880
836759
716011
537353
318838
123771
455676
965621
841906
421687
416533
227359
803291
415443
750440
916891
923969
388140
495296
88865
535782
823495
686598
407052
802081
239319
834787
617370
895923
655582
276678
997216
108841
672364
625040
454217
97826
838145
449281
751669
220597
842595
872706
480856
216574
458441
648723
813584
404940
328772
799267
837019
446146
656676
239635
375358
469798
141935
259075
313233
688692
287094
883561
816220
510305
22132
814321
181797
374610
451844
899423
307667
561415
37390
53051
511011
599921
471306
114784
581935
243522
975106
463354
819007
72181
296602
559327
760938
281452
438727
137814
370534
663820
793832
156419
602632
484516
211250
962463
208874
639022
139447
8058
68182
197109
473697
240436
726430
302358
954463
116820
505277
249963
357223
416388
44973
1262
429590
450748
152668
230940
892957
118049
993066
701042
820890
112653
444188
261311
853508
973515
176178
751946
36631
720995
720940
2069
584050
360949
820257
28895
983488
378682
258397
195639
979326
81189
133100
481919
671029
859714
37451
661689
57674
880303
559499
594230
565369
441905
461444
842552
301450
134605
69767
276008
764609
810247
877437
263779
890352
437336
168309
548588
917513
708611
132314
237410
795554
846487
751155
766502
601043
344947
525067
431273
559865
831282
460809
135849
586284
916820
56047
76743
66931
257857
527364
137580
708381
865839
616851
986616
346864
399410
34880
316723
458282
578154
591344
761867
793449
316397
442700
631359
500473
937175
659248
731322
944240
172087
963997
365103
366732
402656
60098
392802
192853
462378
66716
665763
815593
881466
244147
882168
355641
572557
603789
478775
296305
522856
773866
655182
957485
609392
911044
379069
845910
51805
672246
269171
684890
822359
891513
752546
809162
138217
87140
431352
41746
579424
428195
833599
689612
986552
195542
293023
725676
8334
531733
838263
657084
301955
339921
366473
891835
978728
981970
659325
386746
336247
668125
421247
43770
415346
70258
460190
284529
583819
474578
426277
541594
496341
365640
502871
183457
599251
32319
834630
905810
952429
995485
867916
666115
170115
165471
913712
407965
36876
555449
1538
319704
962870
393966
847670
847439
845984
505246
880342
800122
731601
517585
903459
765097
778618
58351
392662
801074
935528
709321
403845
886699
782146
111834
269020
717441
830717
734321
440794
791876
899978
307155
875084
129788
548225
528387
382005
224592
418702
383792
454748
72399
278615
148471
922048
135997
151728
375958
243990
455637
472922
762421
648869
623138
800067
153681
880972
784004
786840
382309
383972
818154
585342
157701
804155
334187
688461
574343
939989
551802
156606
689957
125204
571802
706300
836162
52516
131765
779847
489653
558058
391939
667159
167580
197243
83138
467923
780848
695945
344569
651991
969907
22032
487630
761461
671818
226409
415156
31295
857212
320764
975234
859100
363594
101559
179377
847948
458678
186848
819653
629568
13715
393928
434164
953104
436933
640106
434533
734532
965093
17473
540981
208436
160051
480061
681352
842819
540741
418493
311321
603709
176813
781347
370667
254937
345409
395338
609389
728806
483997
709574
185249
459143
266925
994798
8065
92903
193900
731779
499007
318439
470723
414168
628376
433234
404068
108863
475002
540570
803052
848542
900443
861126
591179
680185
641088
705302
915596
725806
975589
679892
294450
156795
456276
691275
572287
704075
633002
479984
825713
457436
610206
335832
179587
491193
297241
753500
82535
595122
418576
823348
560952
16933
300389
659889
906547
914017
795793
65956
76522
637712
705899
858310
350379
960586
787658
700785
893772
333258
435389
172208
771718
120601
799033
773628
28762
918682
253346
442011
968156
759316
902051
758622
250233
969613
543007
733748
71980
668957
27774
777246
616328
769914
409867
76709
749073
980869
714050
211068
360020
683535
34228
584651
692245
948910
687836
850092
191049
991502
290723
256977
426458
379948
474807
534601
289714
920082
177491
356352
336281
272097
790535
980749
760726
450826
53690
569053
766925
308945
481778
420522
552380
184658
40973
190082
701036
499896
787845
503303
200410
224082
841339
773119
637538
533918
592422
529392
896258
614748
702803
419496
486485
50338
300863
672011
352507
295065
304566
993064
372688
809458
97784
487249
858169
655636
976684
735572
132419
404930
513332
450364
538484
597692
116341
231666
714575
349150
348339
117577
342457
646644
824213
55832
695831
190023
809486
255812
644136
153828
488381
613884
430161
909857
139670
585088
859679
760713
256044
69863
790684
575767
443896
161459
940765
394307
343381
22833
488430
600011
220992
794919
975473
709135
871443
355355
870192
550123
857455
86475
559921
872455
741023
18258
357411
128711
398114
857431
900973
716929
920985
119237
725477
430870
974608
499328
901945
39274
455275
778500
220763
928184
522471
400239
531804
273315
43271
32031
71340
241319
2038
659735
645434
369813
939030
842445
704720
392181
914992
711576
638154
279660
167695
782879
363431
189910
103950
944449
580676
615448
454225
171058
41913
787864
451178
786072
577935
513692
198208
814511
96478
543621
751320
448095
375211
82176
131577
600110
304490
228588
471918
717242
826534
736483
261116
29893
254071
54472
842380
97151
51425
487674
514121
962153
854050
189472
283622
820542
194816
1695
113242
119128
837667
214265
606977
640243
303657
184098
70228
978115
202333
605219
560504
625278
51196
622701
86893
262260
968796
288572
65041
133874
366680
914268
94320
658977
267
910049
283540
443887
304131
561716
612998
141943
837384
351102
382885
105626
932495
403261
690276
877991
329722
990280
821157
548911
831693
599109
888758
809567
349455
481572
687225
941857
625334
889216
161793
824154
311596
538302
537253
112256
178417
983075
512828
291449
435656
424137
69684
891727
430901
379434
350148
175222
55298
174196
224232
806387
27360
679738
361345
434381
311481
189500
953421
792143
804179
116685
327107
908547
447326
812984
127746
695471
571482
103811
564003
620784
854164
264654
375497
849323
409815
221941
76666
914083
918358
241030
402565
8346
859278
704731
190789
806603
593088
343966
748082
81093
217871
904178
439118
989582
917793
526718
586135
307989
255815
580535
263474
2529
96787
426911
967194
240021
589401
132808
940475
934730
506280
530886
401362
210153
97668
289705
753419
767030
277278
332222
78973
430525
228059
411722
371982
690467
894039
843799
647755
791018
768729
59812
645883
214745
30791
780823
307619
721488
668042
284137
237519
533714
898623
956564
729238
225504
872802
178204
385707
512454
188996
413618
657528
237226
82125
715689
370395
341774
677573
891817
634807
570224
203730
756882
517495
380647
892393
318886
676545
62151
490946
747977
372177
901424
653909
746422
33836
156793
803762
419619
173060
259860
347123
455833
456115
864766
521275
867630
782167
906614
12813
489310
569205
645524
312760
965560
832303
869845
570723
348519
102392
729524
884899
183023
787850
351145
146015
712562
833550
621559
37169
432838
137125
632637
759802
155061
714368
855808
627613
674458
426626
518332
175917
42534
227464
693160
411921
12503
852668
273160
240838
233431
188718
592200
308992
450546
611182
689783
147557
474248
95000
489759
209665
370699
556654
111935
885937
12549
320279
655216
876563
182766
708352
766737
640947
2937
71985
644114
34777
498815
318566
296122
748403
527410
924176
696135
267155
141607
444808
807465
690609
176748
834776
723009
798128
340341
274852
221857
204479
201270
244686
326864
590779
608099
448936
729171
234659
481746
678689
699977
160283
9649
133895
159488
606551
304371
409293
233139
205506
49091
369618
399158
129277
401165
763554
34191
334955
369790
873835
9383
541040
379120
233827
243783
453531
109128
396564
376042
514368
290343
349551
67813
482720
29629
612551
281484
231474
180437
65833
157329
216108
927646
180385
819652
696559
357216
607537
278060
283082
831449
706668
11313
86724
264849
183143
762336
303105
747291
19885
929539
796523
91053
100118
693118
638212
293445
259944
52411
927574
797367
499102
253560
437095
249764
153280
621059
154621
819689
411631
859506
771447
270411
777108
535975
982458
282251
187617
142611
357521
428233
600187
450225
318248
816636
461102
797008
840150
573110
869671
858275
348803
412501
883446
378982
280684
966177
708421
266993
593266
343505
175504
679817
105715
929877
338789
822595
874289
987912
602077
347557
115742
657126
69656
650068
270442
937959
583211
452807
356752
390601
558327
574733
468162
716859
105371
730951
342322
727072
879365
390486
963892
428732
246050
512804
128497
820816
971278
117569
669896
379561
907829
311037
612250
903313
226794
24123
683300
67430
420126
691778
675058
22191
987291
916512
710305
427811
252612
243263
60605
992021
46673
269029
823154
515431
407151
42040
252892
347692
491296
615608
897624
99954
652973
518743
765961
834319
509725
258382
827593
891863
862095
458558
462989
753422
58052
472667
630673
530492
825369
137151
892152
305826
615100
675938
798395
923912
111302
225672
576202
875799
134128
277553
700393
443250
911615
637232
959270
123258
955288
338302
616964
674852
934543
85809
393036
347936
650434
330122
691159
419259
165637
97746
324410
47499
263963
449830
123491
575590
21109
90196
702810
375457
669777
45021
354578
907949
776563
702026
153857
119146
859207
906872
563655
327066
333328
129213
765710
926963
813038
527561
330286
829540
71777
372992
24080
516924
980617
189297
835475
769061
598787
538497
989023
310103
573076
278872
416969
329847
179897
467521
477853
555686
174094
980826
322342
381882
379794
80965
350339
695415
890501
689006
898345
912063
413743
602842
850649
497984
423715
857351
948797
596695
617965
434841
778501
150566
171829
757776
325733
192270
322719
840925
60023
692864
526074
389053
541127
568276
811729
220031
254429
180373
193803
984906
696272
716557
984861
748651
357048
177149
490406
477307
550564
79067
437675
607702
668946
470166
476291
140818
699131
868635
222196
894489
506096
735209
803423
70306
830600
128351
484759
596752
9986
739687
602238
158208
514274
836076
130222
780438
175424
892586
501140
164044
143719
51931
725361
615060
635446
747869
923219
566269
370976
500302
974662
413229
776597
710476
426791
829293
971994
439772
791597
516449
83706
316694
243606
674591
97509
730805
646191
472040
472692
788613
583327
989806
799359
332043
986593
151262
418481
687985
91652
880479
882128
233132
16306
918010
844409
12676
535048
513471
778085
225935
774374
179443
401153
597624
422517
228781
203885
774862
234607
442148
968798
549404
138908
410723
272016
854095
961967
429706
84922
485162
124007
365988
935241
999512
342511
328952
400292
258446
504199
291857
495770
251099
59312
494261
782196
534493
444959
241635
644498
554877
745643
534321
956974
977180
549516
396076
302229
225430
509481
369053
740720
559101
107538
24407
619934
392181
868218
28755
771568
805591
731991
961063
741726
651613
818715
298103
314786
439512
817021
625319
598390
527315
991778
486439
642985
980162
225516
564234
225952
625899
300997
772138
888953
517406
475492
251969
461823
547110
302978
687033
552236
460031
455655
824057
535069
446829
894504
284241
3240
918611
588627
422883
188944
590256
209435
504065
523125
692913
141240
765899
323892
695232
494385
849586
725984
25559
460734
569718
574775
924555
603358
604270
244985
723017
396480
338144
579860
98532
506757
699256
870809
581801
181910
545162
204110
752301
936059
882777
321229
747716
633135
560337
56221
303111
160799
243457
79570
310661
934564
14863
599060
519150
901613
712933
95454
660924
383511
354381
904342
434874
683872
647344
805634
693641
323395
993734
565900
861407
275077
702329
550729
289413
840780
990431
189230
283538
85383
802827
684781
917476
511197
760804
531488
352489
631565
33126
571610
54931
818720
897872
99839
430703
365355
381843
995883
1572
855772
36012
860734
623336
954985
142214
671672
117459
508081
600263
38618
504610
360918
247581
726663
835048
236964
413323
178922
470999
575471
20877
51516
394989
366820
149781
445000
946613
431604
187323
315952
728089
910677
947876
80022
705628
664376
537411
645029
558683
743522
858254
940467
21298
664027
464628
370814
116833
607404
978121
122763
360079
495262
888807
423948
752907
839063
697257
107506
442834
335602
483836
421443
846369
213316
278898
647182
547494
37077
535564
505967
469762
490410
775810
88494
74355
66992
369986
966501
654490
584825
104149
206937
44492
334288
104554
762023
354720
481771
723635
15672
215302
1513
834446
622957
927417
105173
385283
597804
772801
903780
323055
229432
477820
412612
684644
456102
50686
618298
671313
15823
343194
412883
686878
930125
516401
27485
848814
538623
431537
192930
838543
592374
895245
432774
89499
651558
775671
259462
742529
388914
689611
680090
585704
485962
735632
566979
377476
763687
52689
695729
476546
494272
607700
83591
103640
267945
444612
980193
951907
468155
352542
465681
77980
505308
103687
806670
211533
361634
302483
722603
652773
309627
624470
367003
315622
718493
973485
236674
16656
666279
647551
42842
506595
777280
866668
643118
292595
65007
587098
779403
175074
644300
778176
426111
114635
244623
736203
939245
109877
871005
832854
579899
872346
483839
531053
861354
837199
859834
104741
2896
330441
433102
8646
609411
645002
188746
929264
222837
628690
991087
342774
18077
584275
177620
964277
397801
370975
381519
649934
144665
761003
967798
141114
504565
124594
406749
238812
544512
401398
300863
842503
204586
917692
568878
294413
963795
877855
335435
386494
799369
27874
104612
362442
192380
185109
229285
41375
169170
719808
990091
593345
861791
83229
927141
741851
766626
678290
130391
867220
796151
656049
687448
859857
343633
114463
686880
523815
330160
987212
262502
481881
95104
331699
159033
490030
738217
604959
540466
951549
89187
822476
754257
32949
475771
873108
604343
840393
81934
265883
656866
328622
578846
24887
118300
146360
748342
758958
496311
973120
687140
290347
907934
169330
498253
900151
130989
387334
660742
185639
23003
278905
293348
836157
660709
376063
518556
297036
631620
153346
953765
642196
633185
962637
863830
530461
927666
986217
258691
16803
759328
617736
622695
655358
812408
697207
89038
581716
132714
682717
270900
72597
269314
131035
350800
442015
911156
472178
439038
451898
537357
773309
33839
66871
546109
577145
943825
545973
673065
24385
908894
180450
699252
921514
208268
415103
691800
517571
412156
98651
952342
161083
791829
828853
563045
689905
430935
824228
487415
547610
127564
143612
484142
585469
791622
153235
607299
648097
438397
421289
491539
37852
743611
684883
401409
754506
952779
123873
955992
742195
594517
925960
117557
65259
522929
751935
112874
21794
525498
941440
84804
100544
487538
122407
666999
328239
45212
580368
744135
166770
633781
238190
131116
367742
913046
677076
540463
660379
183071
605411
574392
175355
386563
853274
983427
795744
520250
575023
979260
313735
224450
374033
132639
393371
977343
995963
639527
604670
317431
817334
329279
371772
385074
944700
98826
715521
443965
816583
581631
321884
519450
359692
468350
199876
559280
183506
769778
574428
408485
124631
471287
991464
988309
230128
606058
491261
84567
165983
163702
474167
350502
553425
595893
105126
850055
596518
974206
349188
662553
158183
199738
47913
771534
793498
237849
306468
74061
748115
679467
771786
543120
256841
356051
25551
918119
617809
227779
569578
194304
421092
396829
192116
636925
321311
968923
227010
96503
462335
638136
113015
607063
425556
213020
574537
880482
340714
460177
551381
436573
243526
612600
750511
377112
908355
247773
287385
773191
511295
386793
297830
202624
849291
630483
994397
412144
73019
144996
30354
247936
140523
678165
451352
413864
590156
765647
551714
230036
520271
98744
175933
509564
708682
567040
668101
265318
339750
589387
765647
992299
305965
535785
469765
965469
792276
812530
934653
30921
121463
144029
621671
666669
371206
661018
906913
206982
704697
238933
687445
752416
476077
27587
587346
123011
240713
977675
802509
109162
595281
72276
203266
853818
269071
712796
333311
320388
254164
690704
216301
23090
81340
560385
894474
287308
856188
367747
657643
5124
389385
58298
651432
720105
706744
617469
401278
684003
6764
169942
251534
249675
321507
15623
227499
151385
709612
818378
605296
655016
864251
853239
632919
526827
641393
917945
574312
847068
137477
800362
462389
296290
583674
503063
38653
729652
231175
218237
111440
70227
48932
689540
820685
227275
696113
171980
645791
208683
105200
381055
225261
216639
564083
747192
982099
319880
135103
827616
648610
151419
45376
469861
882196
654980
912688
797215
456339
735371
948716
607256
396865
307084
749882
198476
155598
51993
392401
156987